Echantillon 1
0.123131616
0.036565414
0.280248468
0.633426727
0.015976082
0.447659559
0.294477195
0.999714553
0.580846504
0.157682521
0.269362324
0.538505722
0.782968092
0.974615422
0.881653948
0.447440882
0.529877115
0.953263354
0.586948654
0.929992515
0.760966866
0.983113804
0.228413171
0.290233469
0.275462392
0.651150287
0.926229767
0.091496346
0.732578156
0.076431367
0.099334093
0.914700999
0.806826305
0.923489825
0.014863313
0.955055045
0.278772019
0.843007372
0.992796261
0.269939196
0.377641532
0.36610777
0.17086828
0.80588452
0.488526324
0.887718487
0.744910454
0.836385965
0.5177001
0.279469429





