Echantillon 3
0.972396819
0.017481659
0.979994524
0.321210144
0.587112019
0.431981766
0.547050732
0.496962639
0.75827538
0.836070382
0.872371493
0.74103043
0.892672769
0.817439195
0.27845125
0.465095958
0.925333221
0.616693597
0.418119681
0.737868475
0.081373504
0.24323003
0.878337103
0.980719822
0.295358902
0.835548941
0.404641153
0.324732254
0.923639136
0.727795262
0.999381414
0.892319949
0.872643319
0.534703665
0.326802244
0.897755788
0.332406279
0.589330309
0.876461875
0.91519917
0.603898182
0.9942186
0.979448278
0.941989441
0.941989441
0.375974207
0.781849173
0.916298339
0.932595813
0.225344243
