Echantillon 4
0.123131616
0.061398295
0.402957555
0.217318255
0.477144459
0.181776262
0.008428816
0.487060192
0.234118424
0.397658543
0.144615344
0.785595746
0.032883369
0.291265072
0.297130711
0.250979991
0.130706665
0.015976082
0.033422405
0.453210278
0.565180901
0.765180901
0.182759961
0.091496346
0.108155596
0.424172281
0.715044548
0.007846227
0.008489943
0.36201825
0.821988385
0.901038257
0.920637619
0.979772956
0.837703491
0.05209627
0.697955492
0.108435818
0.802399001
0.546563285
0.805219628
0.234522128
0.66352857
0.903742023
0.710446637
0.683678095
0.499731636
0.102216759
0.021992064
0.225046877
