Echantillon 5
0.936546464
0.372946806
0.487457945
0.203547852
0.75508611
0.798381652
0.952231816
0.939871406
0.396869228
0.458106096
0.239393339
0.325102538
0.568626303
0.338149655
0.989775108
0.004018107
0.435385646
0.734128667
0.937470575
0.436509249
0.691008997
0.768835091
0.9678858
0.717763589
0.377389238
0.724014293
0.181320791
0.75893239
0.803532129
0.975375518
0.014377209
0.28638145
0.473140236
0.073336161
0.776704218
0.341561776
0.313744478
0.614583233
0.271967671
0.31114101
0.498067954
0.309535434
0.3520241
0.986215088
0.619964941
0.974872735
0.149180821
0.317472484
0.816775748
0.603506371
0.493940319
0.896434535
0.723161616
0.183983902
0.712210535
0.531708066
0.398170626
0.503145841
0.556761206
0.092141167
0.055331686
0.870552268
0.528843962
0.135862409
0.885798987
0.079155832
0.695390123
0.407478764
0.226739937
0.68210227
0.160457194
0.080495899
0.469775327
0.693481273
0.845795158
0.28172849
0.182052325
0.273269639
0.728720761
0.888014811
0.629563043
0.550800234
0.400466419
0.632511181
0.874630713
0.113460362
0.358019594
0.762981652
0.872223976
0.301425996
0.407427536
0.016071218
0.092884493
0.53121661
0.427280244
0.999028577
0.33000063
0.905046518
0.690215911
0.907993715
0.978434702
0.681120469
0.718846606
0.206300773
0.30420963
0.485127031
0.399066043
0.52150675
0.752022879
0.64178353
0.1028709
0.272782186
0.395465945
0.487721904
0.486051474
0.345012774
0.897791127
0.481501832
0.206898665
0.459467518
0.14640006
0.005917145
0.731065359
0.142491719
0.500540034
0.66615266
0.700459172
0.371315648
0.928903112
0.588481045
0.902995115
0.328922762
0.987413984
0.957026054
0.193867986
0.769327239
0.224470169
0.152069414
0.794829606
0.944600759
0.801038397
0.840038712
0.847541142
0.414928258
0.265749143
0.460475079
0.179521867
0.932397535
0.997753032
0.799376687
0.649728223
0.408108677
0.915621133
0.14044334
0.769029407
0.863940111
0.865901603
0.826605711
0.588264555
0.906719624
0.344230191
0.66885578
0.276590402
0.585367006
0.554226003
0.196021287
0.74142126
0.44297574
0.25688525
0.498483344
0.432404099
0.131871441
0.562289491
0.780045026
0.959219849
0.530705723
0.366972806
0.2899635
0.033810098
0.819300026
0.956042037
0.678226454
0.488534324
0.176445302
0.37187627
0.936702648
0.917096586
0.439787364
0.85316682
0.528479007
0.29602678
0.938586629
0.849042334
0.263824748
0.127398231
0.65398808
0.771197984
0.557047999
0.895036877
0.326411656
0.936546464
0.372946806
0.487457945
0.203547852
0.75508611
0.798381652
0.952231816
0.939871406
0.396869228
0.458106096
0.239393339
0.325102538
0.568626303
0.338149655
0.989775108
0.004018107
0.435385646
0.734128667
0.937470575
0.436509249
0.691008997
0.768835091
0.9678858
0.717763589
0.377389238
0.724014293
0.181320791
0.75893239
0.803532129
0.975375518
0.014377209
0.28638145
0.473140236
0.073336161
0.776704218
0.341561776
0.313744478
0.614583233
0.271967671
0.31114101
0.498067954
0.309535434
0.3520241
0.986215088
0.619964941
0.974872735
0.149180821
0.317472484
0.816775748
0.603506371
0.493940319
0.896434535
0.723161616
0.183983902
0.712210535
0.531708066
0.398170626
0.503145841
0.556761206
0.092141167
0.055331686
0.870552268
0.528843962
0.135862409
0.885798987
0.079155832
0.695390123
0.407478764
0.226739937
0.68210227
0.160457194
0.080495899
0.469775327
0.693481273
0.845795158
0.28172849
0.182052325
0.273269639
0.728720761
0.888014811
0.629563043
0.550800234
0.400466419
0.632511181
0.874630713
0.113460362
0.358019594
0.762981652
0.872223976
0.301425996
0.407427536
0.016071218
0.092884493
0.53121661
0.427280244
0.999028577
0.33000063
0.905046518
0.690215911
0.907993715
0.978434702
0.681120469
0.718846606
0.206300773
0.30420963
0.485127031
0.399066043
0.52150675
0.752022879
0.64178353
0.1028709
0.272782186
0.395465945
0.487721904
0.486051474
0.345012774
0.897791127
0.481501832
0.206898665
0.459467518
0.14640006
0.005917145
0.731065359
0.142491719
0.500540034
0.66615266
0.700459172
0.371315648
0.928903112
0.588481045
0.902995115
0.328922762
0.987413984
0.957026054
0.193867986
0.769327239
0.224470169
0.152069414
0.794829606
0.944600759
0.801038397
0.840038712
0.847541142
0.414928258
0.265749143
0.460475079
0.179521867
0.932397535
0.997753032
0.799376687
0.649728223
0.408108677
0.915621133
0.14044334
0.769029407
0.863940111
0.865901603
0.826605711
0.588264555
0.906719624
0.344230191
0.66885578
0.276590402
0.585367006
0.554226003
0.196021287
0.74142126
0.44297574
0.25688525
0.498483344
0.432404099
0.131871441
0.562289491
0.780045026
0.959219849
0.530705723
0.366972806
0.2899635
0.033810098
0.819300026
0.956042037
0.678226454
0.488534324
0.176445302
0.37187627
0.936702648
0.917096586
0.439787364
0.85316682
0.528479007
0.29602678
0.938586629
0.849042334
0.263824748
0.127398231
0.65398808
0.771197984
0.557047999
0.895036877
0.326411656

0.108155596
0.424172281
0.715044548
0.007846227
0.008489943
0.36201825
0.821988385
0.901038257
0.920637619
0.979772956
0.837703491
0.05209627
0.697955492
0.108435818
0.802399001
0.546563285
0.805219628
0.234522128
0.66352857
0.903742023
0.710446637
0.683678095
0.499731636
0.102216759
0.021992064
0.225046877
